# Qlow				mt(as^2) 	        mt(as^2+as^3)       mt(as^2+as^4)       mt(as^2+as^3+as^4)
45.5938				126.44930782115273	126.05682097431061	126.38026610844297	125.98767857390922
46.961614000000004	126.46023179234241	126.06746191801446	126.38849236289536	125.99563365434898
48.329428			126.47063737029482	126.07772209916241	126.39633105802733	126.00333842080889
49.697242			126.48061036140741	126.08766804537193	126.40385952683516	126.01085094830256
51.065056000000006	126.49009373204986	126.09722532371991	126.4110127869461	126.01808880560253
52.43287			126.49917002238843	126.1064622364026	126.41786619277727	126.02511307425299
53.800684000000004	126.50791218090296	126.11543935642617	126.42448599340068	126.0319776602907
55.168498			126.51742808798987	126.12526055282478	126.43197537477899	126.03978172282072
56.536312			126.52560443330776	126.13378912115647	126.4382123572601	126.04637984446572
57.904126000000005	126.53330262218842	126.14188344421322	126.44405408929804	126.0526261662017
59.27194000000001	126.54051141805171	126.14972120985475	126.44949097751261	126.05869359814805
60.639754			126.54769274555024	126.1571837065116	126.45496779538281	126.06446551193085
62.007568000000006	126.55477766258714	126.16475994584185	126.46041767742382	126.070413571585
63.37538200000001	126.56140540900948	126.17189745865173	126.46547518980118	126.07598706077505
64.74319600000001	126.56780023301533	126.17881709711644	126.47036112963664	126.08140327080629
66.11101000000001	126.57425484205042	126.18580891955261	126.47536505633175	126.08694907352832
67.478824			126.5801370494887	126.19223233400197	126.47985031870061	126.09197905439206
68.84663800000001	126.5858994470563	126.19853832594443	126.48426694582065	126.0969412586874
70.21445200000001	126.59177906193284	126.20496062284167	126.48884906200792	126.10206587691331
71.582266			126.5971360984063	126.21084941542719	126.49295245757048	126.10669736258865
72.95008000000001	126.60232240123314	126.21655065978258	126.49692600100846	126.11117578477051
74.31789400000001	126.60766853172356	126.22238288527465	126.5010965516409	126.1158077715395
75.685708			126.61243039332975	126.22756408886711	126.5047126592476	126.11976387968193
77.05352200000002	126.61747835644843	126.23275701615384	126.50863457933912	126.12381353782696
78.42133600000001	126.62178311934707	126.23744246826404	126.51179016275758	126.12766028063527
79.78915			126.62590142836589	126.24247786185867	126.51475600214366	126.13177853435499
81.15696400000002	126.6299204672005	126.24753455185137	126.51805476410007	126.13592588824517
82.52477800000001	126.63388916821084	126.25229226738706	126.52117041792614	126.1397936927894
83.89259200000001	126.63788245499221	126.25700658481642	126.52431306325958	126.14364151599158
85.26040600000002	126.64186291227536	126.26166913539771	126.52745927936637	126.14746197476423
86.62822000000001	126.64581438957006	126.26627527381785	126.53059700119556	126.15125045157698
87.99603400000001	126.64972853880214	126.27082243574515	126.53371922202255	126.15500395877145
89.36384800000002	126.65360075225624	126.27530926281995	126.53682152495702	126.15872049581837
90.73166200000001	126.65742850773266	126.279735262965	126.5399011856377	126.16239888210177
92.09947600000001	126.66121046802525	126.28410042806966	126.5429563583457	126.16603830152049
93.46729000000002	126.66494611947336	126.28840516126978	126.54598594224414	126.16963840481365
94.83510400000002	126.66863541880065	126.29265008069052	126.5489892327414	126.17319902591052
96.20291800000001	126.67227868765598	126.2968360125192	126.55196588310608	126.1767202340769
97.57073200000002	126.6758764274905	126.30096385709187	126.55491572365074	126.1802021933773
98.93854600000002	126.67942937582842	126.30503465823342	126.55783881158058	126.18364523755463
100.30636000000001	126.6829383144207	126.30904946893507	126.56073527537427	126.18704973124353
101.67417400000002	126.68640412768202	126.31300941287584	126.56360537241129	126.19041613965872
103.04198800000002	126.68982771825829	126.31691559592763	126.56644938456101	126.19374494246962
104.40980200000001	126.69321002487767	126.3207691441011	126.56926765411846	126.19703665908634
105.77761600000002	126.69655201015946	126.32457121800874	126.57206059152485	126.20029186633938
107.14543000000002	126.69985460958189	126.32832290224755	126.57482857107948	126.2035111087694
108.51324400000001	126.70311879431605	126.33202534515647	126.57757205327579	126.20669499831975
109.88105800000002	126.70634547639952	126.33567961609407	126.5802914368543	126.20984408887234
111.24887200000002	126.70953557354939	126.33928679020693	126.58298715923597	126.21295898304183
112.61668600000002	126.71268999367828	126.34284793379784	126.58565968099889	126.21604028328652
113.98450000000003	126.7158096120064	126.34636406384304	126.58830942635718	126.2190885655253
115.35231400000002	126.71889528648425	126.34983620421744	126.5909368335643	126.22210442684415
116.72012800000002	126.7219478526183	126.35326533383751	126.59354233144262	126.2250884362764
118.08794200000001	126.72496810328397	126.35665239676	126.59612633087829	126.22804116011486
119.45575600000001	126.72795683878624	126.35999833946917	126.59868925407253	126.23096317020241
120.82357000000002	126.73091483036886	126.36330408940174	126.60123152637757	126.23385503320347
122.19138400000001	126.73384278762003	126.36657049199859	126.6037535060977	126.23671726170566
123.55919800000001	126.73674146280713	126.36979845357794	126.60625562805677	126.2395504305769
124.92701200000002	126.7396115235622	126.37298878303038	126.60873823976529	126.24235504099698
126.29482600000001	126.74245365935327	126.37614231836729	126.61120173790452	126.24513162607687
127.66264000000001	126.745268487071	126.37925979878192	126.61364643887458	126.2478806362647
129.03045400000002	126.74805659741527	126.38234197910666	126.6160726681057	126.25060255656432
130.39826800000003	126.75081864888095	126.38538965756125	126.61848081900395	126.25329791671203
131.766082			126.75355519596427	126.3884035165758	126.62087118404503	126.25596715010937
133.13389600000002	126.7562668412072	126.39138430184461	126.62324412645329	126.2586107494042
134.50171000000003	126.75895410259112	126.39433266465446	126.62559992732547	126.26122913814268
135.869524			126.76161753262163	126.39724929004315	126.62793891241863	126.26382277291835
137.23733800000002	126.76425760228517	126.4001347758591	126.63026133235428	126.2663920362109
138.60515200000003	126.76687482118157	126.40298976687622	126.63256748924513	126.268937362767
139.97296600000004	126.76946965000327	126.40581492758774	126.63485770576757	126.27145895845226
141.34078000000005	126.77204184316491	126.40860981584858	126.63713132576866	126.2739569138001
142.70859400000003	126.77459292072761	126.4113766915111	126.63938999732433	126.27643273223666
144.07640800000004	126.77712356187317	126.41411594839805	126.64163405839274	126.27888668401171
145.44422200000005	126.77963396968998	126.41682792203852	126.64386352756323	126.28131897374509
146.81203600000003	126.78212447948844	126.41951309000268	126.64607858365174	126.28372991991958
148.17985000000004	126.78459542795015	126.42217191622014	126.64827940802817	126.28611982860001
149.54766400000005	126.78704722610607	126.42480492902077	126.65046625894212	126.28848907637125
150.915478			126.78948021133118	126.42741258103084	126.65263932543502	126.29083796908692
152.28329200000002	126.79189474210713	126.42999534731408	126.65479882195959	126.29316683601292
153.651106			126.79429119456177	126.43255371156135	126.65694498510285	126.29547602627684
155.01892			126.79666987437366	126.43508809306753	126.65907798856375	126.29776582447543
156.38673400000002	126.79903113908865	126.43759895403643	126.66119806238031	126.30003656691385
157.754548			126.80137530590383	126.44008671948616	126.6633053966891	126.30228855190073
159.122362			126.80370269208512	126.44255180817123	126.66540019188602	126.30452207991564
160.49017600000002	126.80601357787262	126.4449946039169	126.66748261002087	126.30673742122164
161.85799000000003	126.80830829037758	126.4474155335036	126.66955286738514	126.30893488836902
163.22580400000004	126.81058711141831	126.44981497658398	126.67161113510883	126.31111475240286
164.59361800000002	126.81285032244423	126.4521933130122	126.67365759346913	126.31327729441213
165.96143200000003	126.81509817480298	126.45455088686265	126.67569239143403	126.31542275197272
167.32924600000004	126.81733097536107	126.45688809919506	126.67771573613382	126.31755143192203
168.69706000000002	126.81954894587257	126.45920526376783	126.67972775514733	126.319663551937
170.06487400000003	126.82175235667698	126.46150273921052	126.68172862980336	126.32175937991104
171.43268800000004	126.82394144856374	126.46378085543664	126.68371850949914	126.32383916013292
172.80050200000005	126.82611645502689	126.46603993458544	126.68569754396766	126.32590312630583
174.16831600000006	126.82827764365139	126.4682803259179	126.6876659175995	126.32795154601114
175.53613000000004	126.83042519173833	126.47050229075167	126.68962372487587	126.3299846023435
176.90394400000005	126.83255933716408	126.47270615043239	126.6915711275446	126.33200253672216
178.27175800000006	126.83468030149233	126.4748922076431	126.69350827410419	126.33400557511419
179.63957200000004	126.83678828188869	126.47706073743458	126.69543528472636	126.33599392533742
181.00738600000005	126.83888351438577	126.47921205087489	126.69735232634874	126.33796782570717
182.37520000000006	126.8409661523299	126.48134638037111	126.69925948454394	126.33992743931748